## possible right:

0256017902
0274106760
0278100801
1001150441
1215080270
1650164600
165204965769
183203403741
2126003123
2130012184
2204039458
220408726076
2225074005
2225104838
2310031475
2312068671
2318041242
2356039974
2466248770
2607021904
2634059343
2901109818
3232039349
3255049569
3525388364
3804999187
3811435914
381453635627
3905069220
4029001011
4100014999
4345387772
4345434976
4345454651
4401171699
5003058583
5007091422
5031073671
5032284957
5036045205
5047144896
5105007884
5257056036
5262013486
5320000841
5321052426
5504131192
5906078622
6163101831
6165016885
Time taken: 29.994 seconds, Fetched: 50 row(s)

## mine

0255016159
0256017902
0262007596
0272023660
0274106760
0278100801
100103003609
1001150441
1018003124
1201005522
1215080270
1215149940
1650164600
165204965769
165204965769
183203403741
2126003123
2130012184
2204039458
220408726076
2225074005
2225074005
2225074005
2225074005
2225074005
2225074005
2225074005
2225074005
2225074005
2225074005
2225074005
2225074005
2225074005
2225074005
2225074005
2225104838
2225104838
2308098835
230907405733
2310031475
2310031475
2310031475
2310031475
2310031475
2310031475
2310031475
2310031475
2310031475
2312068671
2312140350